0.0984375 0.254167 0.553125 0.997222 0.252669 0
0.339844 0.602778 0.397656 0.995833 0.257281 27
0.764844 0.436111 0.800781 0.576389 0.25954 27
0.767969 0.427778 0.802344 0.583333 0.260939 27
0.764844 0.436111 0.800781 0.577778 0.261517 27
0.0820312 0.275 0.715625 0.997222 0.26813 0
0.560938 0.0694444 0.878125 1 0.28339 0
0.09375 0.273611 0.528906 0.997222 0.295933 0
0.560938 0.0694444 0.877344 1 0.296285 0
0.5625 0.0652778 0.876562 1 0.299446 0
0.0921875 0.270833 0.528125 0.997222 0.302117 0
0.0929687 0.272222 0.528906 0.997222 0.304497 0
0.078125 0.272222 0.722656 0.998611 0.306486 0
0.0773437 0.272222 0.725 0.997222 0.320194 0
0.584375 0.0694444 0.8875 0.993056 0.42026 0
0.580469 0.0541667 0.879687 0.998611 0.429142 0
0.582031 0.0638889 0.894531 1 0.459798 0
0.096875 0.276389 0.6375 0.995833 0.505743 0
0.344531 0.613889 0.385938 0.9875 0.50711 27
0.345313 0.611111 0.385938 0.990278 0.509794 27
0.345313 0.613889 0.385156 0.9875 0.51554 27
0.096875 0.273611 0.636719 0.997222 0.520935 0
0.0984375 0.276389 0.633594 0.995833 0.522453 0
0.582812 0.0680556 0.892969 1 0.548471 0
0.345313 0.608333 0.3875 0.986111 0.589269 27
0.344531 0.606944 0.3875 0.986111 0.591264 27
0.344531 0.606944 0.3875 0.986111 0.591503 27
0.582031 0.0666667 0.89375 1 0.619484 0
0.0992187 0.269444 0.557813 1 0.654754 0
0.0976562 0.269444 0.557813 1 0.664667 0
0.345313 0.609722 0.3875 0.983333 0.665688 27
0.0960938 0.268056 0.558594 1 0.666693 0
0.345313 0.609722 0.388281 0.983333 0.673952 27
0.345313 0.606944 0.388281 0.986111 0.675119 27
0.578906 0.0625 0.888281 1 0.703215 0
0.578125 0.0694444 0.889063 1 0.705285 0
0.578906 0.0694444 0.888281 1 0.713431 0
0.5875 0.0416667 0.882812 1 0.788854 0
0.58125 0.0611111 0.890625 1 0.862154 0
0.58125 0.0666667 0.891406 1 0.87831 0
0.580469 0.0666667 0.892187 1 0.879861 0
